[4.0, 95.0, 60.0, 32.0, 0.0, 35.4, 0.284, 28.0]
-172.059206539
[0.0, 126.0, 86.0, 27.0, 120.0, 27.4, 0.515, 21.0]
-265.331164317
[8.0, 65.0, 72.0, 23.0, 0.0, 32.0, 0.6, 42.0]
-149.871924222
[2.0, 99.0, 60.0, 17.0, 160.0, 36.6, 0.453, 21.0]
-243.052708115
[1.0, 102.0, 74.0, 0.0, 0.0, 39.5, 0.293, 42.0]
-160.632011678
[11.0, 120.0, 80.0, 37.0, 150.0, 42.3, 0.785, 48.0]
-301.038889304
[3.0, 102.0, 44.0, 20.0, 94.0, 30.8, 0.4, 26.0]
-204.237544603
[1.0, 109.0, 58.0, 18.0, 116.0, 28.5, 0.219, 22.0]
-224.971098719
[9.0, 140.0, 94.0, 0.0, 0.0, 32.7, 0.734, 45.0]
-207.276005296
[13.0, 153.0, 88.0, 37.0, 140.0, 40.6, 1.174, 39.0]
-327.268108392
[12.0, 100.0, 84.0, 33.0, 105.0, 30.0, 0.488, 46.0]
-254.319652778
[1.0, 147.0, 94.0, 41.0, 0.0, 49.3, 0.358, 27.0]
-248.332387805
[1.0, 81.0, 74.0, 41.0, 57.0, 46.3, 1.096, 32.0]
-210.935840941
[3.0, 187.0, 70.0, 22.0, 200.0, 36.4, 0.408, 36.0]
-355.750986118
[6.0, 162.0, 62.0, 0.0, 0.0, 24.3, 0.178, 50.0]
-204.793091257
[4.0, 136.0, 70.0, 0.0, 0.0, 31.2, 1.182, 22.0]
-179.071335641
[1.0, 121.0, 78.0, 39.0, 74.0, 39.0, 0.261, 28.0]
-250.758939053
[3.0, 108.0, 62.0, 24.0, 0.0, 26.0, 0.223, 25.0]
-171.824687666
[0.0, 181.0, 88.0, 44.0, 510.0, 43.3, 0.222, 26.0]
-542.775671111
[8.0, 154.0, 78.0, 32.0, 0.0, 32.4, 0.443, 45.0]
-239.374883123
[1.0, 128.0, 88.0, 39.0, 110.0, 36.5, 1.057, 37.0]
-282.851176787
[7.0, 137.0, 90.0, 41.0, 0.0, 32.0, 0.391, 39.0]
-238.244894745
[0.0, 123.0, 72.0, 0.0, 0.0, 36.3, 0.258, 52.0]
-179.485862129
[1.0, 106.0, 76.0, 0.0, 0.0, 37.5, 0.197, 26.0]
-159.906785118
[6.0, 190.0, 92.0, 0.0, 0.0, 35.5, 0.278, 66.0]
-256.641959279
[2.0, 88.0, 58.0, 26.0, 16.0, 28.4, 0.766, 22.0]
-161.923776504
[9.0, 170.0, 74.0, 31.0, 0.0, 44.0, 0.403, 43.0]
-254.427555638
[9.0, 89.0, 62.0, 0.0, 0.0, 22.5, 0.142, 33.0]
-136.983602688
[10.0, 101.0, 76.0, 48.0, 180.0, 32.9, 0.171, 63.0]
-310.173407124
[2.0, 122.0, 70.0, 27.0, 0.0, 36.8, 0.34, 27.0]
-196.031277884
[5.0, 121.0, 72.0, 23.0, 112.0, 26.2, 0.245, 30.0]
-249.753016569
[1.0, 126.0, 60.0, 0.0, 0.0, 30.1, 0.349, 47.0]
-171.363797564
[1.0, 93.0, 70.0, 31.0, 0.0, 30.4, 0.315, 23.0]
-170.124431271

Total square error
990765.372789